11723	1249488000	20160219	阳光大道101号8号楼158	1387483647
17955	1259488367	20160219	阳光大道101号8号楼158	1387483647
11348	1459488568	20160219	阳光大道101号8号楼158	1387483647
20464	1368488632	20160219	阳光大道101号8号楼158	1387483647
15080	1368489632	20160219	阳光大道101号8号楼158	1387483647
19776	1397489712	20160219	阳光大道101号8号楼158	1387483647
17990	1411289811	20160219	阳光大道101号8号楼158	1387483647
13650	1412345611	20160219	阳光大道101号8号楼158	1387483647
16041	1341545629	20160219	阳光大道101号8号楼158	1387483647
15674	1413545688	20160219	阳光大道101号8号楼158	1329248721
18915	1249488010	20160219	阳光大道101号8号楼158	1329248721
18281	1364152779	20160219	阳光大道101号8号楼158	1329248721
12829	1348337586	20160219	阳光大道101号8号楼158	1329248721
18972	1403991230	20160219	阳光大道101号8号楼158	1329248721
20732	1347802439	20160219	阳光大道101号8号楼158	1329248721
20093	1340243822	20160219	阳光大道101号8号楼158	1329248721
12260	1396672947	20160219	正义街99号9号楼186	1329248721
20379	1396779900	20160219	正义街99号9号楼186	1329248721
13467	1366229934	20160219	正义街99号9号楼186	1329248721
19911	1413317565	20160219	正义街99号9号楼186	1329248721
15948	1324130313	20160219	正义街99号9号楼186	1329248721
18211	1336540368	20160219	正义街99号9号楼186	1329248721
15455	1332918690	20160219	正义街99号9号楼186	1329248721
14185	1382169320	20160219	正义街99号9号楼186	1329248721
15275	1388027249	20160219	正义街99号9号楼186	1329248721
11962	1395385026	20160219	正义街99号9号楼186	1329248721
16864	1372388050	20160219	正义街99号9号楼186	1329248721
14012	1403619295	20160219	正义街99号9号楼186	1387483647
15699	1400370933	20160219	正义街99号9号楼186	1387483647
11496	1402807575	20160219	正义街99号9号楼186	1387483647
20732	1367471670	20160219	阳光大道101号8号楼158	1387483647
20093	1393316331	20160219	阳光大道101号8号楼158	1387483647
12260	1350149531	20160219	阳光大道101号8号楼158	1387483647
20379	1386237781	20160219	阳光大道101号8号楼158	1387483647
13467	1417770620	20160219	阳光大道101号8号楼158	1387483647
19911	1387834489	20160219	阳光大道101号8号楼158	1387483647
15948	1410085558	20160219	阳光大道101号8号楼158	1387483647
18211	1383085753	20160219	阳光大道101号8号楼158	1387483647
15455	1422750694	20160219	阳光大道101号8号楼158	1387483647
14185	1415028109	20160219	阳光大道101号8号楼158	1387483647
19911	1407639498	20160219	阳光大道101号8号楼158	1387483647
15948	1344414833	20160219	阳光大道101号8号楼158	1387483647
18211	1363504666	20160219	阳光大道101号8号楼158	1387483647
15455	1352677492	20160219	阳光大道101号8号楼158	1387483647
14185	1339483613	20160219	阳光大道101号8号楼158	1387483647
15275	1338989647	20160219	阳光大道101号8号楼158	1387483647
11962	1340324373	20160219	阳光大道101号8号楼158	1387483647
16864	1345645179	20160219	阳光大道101号8号楼158	1387483647
14012	1369867451	20160219	阳光大道101号8号楼158	1387483647
15699	1418767857	20160219	阳光大道101号8号楼158	1387483647
11496	1361278208	20160219	阳光大道101号8号楼158	1387483647
11962	1425852163	20160219	阳光大道101号8号楼158	1387483647
12829	1376321685	20160219	阳光大道101号8号楼158	1387483647
18972	1392933643	20160219	阳光大道101号8号楼158	1387483647
20732	1348280375	20160219	阳光大道101号8号楼158	1387483647
20093	1413863089	20160219	阳光大道101号8号楼158	1387483647
12260	1387187227	20160219	阳光大道101号8号楼158	1387483647
20379	1416199723	20160219	阳光大道101号8号楼158	1387483647
16864	1338013017	20160219	阳光大道101号8号楼158	1387483647
14012	1377218425	20160219	阳光大道101号8号楼158	1387483647
15699	1381540967	20160219	阳光大道101号8号楼158	1387483647
11496	1385190801	20160219	安定三路1号22号楼1112	1387483647
20732	1386504779	20160219	安定三路1号22号楼1112	1387483647
20093	1386278098	20160219	安定三路1号22号楼1112	1387483647
12260	1376670072	20160219	安定三路1号22号楼1112	1387483647
20379	1389956218	20160219	安定三路1号22号楼1112	1387483647
13467	1395327841	20160219	安定三路1号22号楼1112	1387483647
19911	1361868795	20160219	安定三路1号22号楼1112	1387483647
15948	1424971086	20160219	安定三路1号22号楼1112	1387483647
11962	1414181469	20160219	安定三路1号22号楼1112	1387483647
12829	1357001922	20160219	安定三路1号22号楼1112	1387483647
18972	1411549160	20160219	安定三路1号22号楼1112	1387483647
20732	1329482762	20160219	安定三路1号22号楼1112	1387483647
20093	1348931112	20160219	安定三路1号22号楼1112	1387483647
12260	1348580455	20160219	安定三路1号22号楼1112	1387483647
20379	1355480819	20160219	安定三路1号22号楼1112	1387483647
16864	1358897894	20160219	安定三路1号22号楼1112	1387483647
14012	1417947244	20160219	安定三路1号22号楼1112	1387483647
15699	1420847639	20160219	阳光大道101号8号楼158	1387483647
11496	1355360404	20160219	阳光大道101号8号楼158	1387483647
20732	1420162694	20160219	阳光大道101号8号楼158	1387483647
15455	1349082500	20160219	阳光大道101号8号楼158	1387483647
14185	1351821996	20160219	阳光大道101号8号楼158	1387483647
15275	1446030655	20160219	阳光大道101号8号楼158	1387483647
11962	1438209001	20160219	阳光大道101号8号楼158	1387483647
16864	1439393639	20160219	阳光大道101号8号楼158	1387483647
14012	1414093700	20160219	阳光大道101号8号楼158	1387483647
15699	1448208513	20160219	阳光大道101号8号楼158	1350986215
11496	1399299836	20160219	阳光大道101号8号楼158	1350986215
11962	1425077082	20160219	阳光大道101号8号楼158	1350986215
12829	1368006963	20160219	阳光大道101号8号楼158	1350986215
18972	1429598112	20160219	阳光大道101号8号楼158	1350986215
20732	1405619019	20160219	阳光大道101号8号楼158	1350986215
20093	1379029707	20160219	阳光大道101号8号楼158	1350986215
11348	1393280899	20160219	阳光大道101号8号楼158	1350986215
20464	1365208056	20160219	阳光大道101号8号楼158	1350986215
15080	1425090444	20160219	阳光大道101号8号楼158	1350986215
19776	1439151619	20160219	阳光大道101号8号楼158	1350986215
17990	1416315998	20160219	阳光大道101号8号楼158	1387483647
13650	1409903395	20160219	阳光大道101号8号楼158	1387483647
16041	1415516893	20160219	阳光大道101号8号楼158	1387483647
